20
8 15 24 33 40 42 40 34 24 15 7 -1 -10 -19 -26 -28 -26 -19 -10 -1
15 22 30 38 42 42 37 28 17 7 -1 -8 -17 -26 -33 -36 -33 -26 -17 -8
24 30 37 42 44 40 32 21 10 -2 -10 -17 -26 -35 -42 -43 -42 -35 -26 -17
33 38 42 44 43 37 26 13 0 -11 -19 -26 -35 -43 -43 -43 -43 -43 -35 -25
40 42 44 44 39 31 19 6 -7 -18 -26 -33 -42 -43 -43 -43 -43 -43 -42 -32
42 42 42 39 33 25 14 1 -11 -21 -28 -36 -43 -43 -43 -43 -43 -42 -43 -36
40 37 34 31 25 18 9 0 -10 -18 -26 -33 -42 -43 -43 -43 -43 -43 -42 -33
34 28 24 22 17 13 8 2 -5 -12 -19 -26 -35 -43 -43 -43 -42 -43 -35 -26
24 18 13 11 9 9 8 6 3 -3 -10 -17 -26 -35 -42 -43 -42 -35 -26 -17
15 8 4 3 4 7 10 12 10 6 -1 -8 -17 -26 -32 -35 -33 -26 -17 -8
7 1 -3 -3 1 7 13 17 17 13 7 -1 -10 -19 -26 -28 -26 -19 -10 -1
-1 -7 -10 -8 -2 7 15 21 23 20 13 6 -3 -12 -19 -21 -18 -11 -2 7
-10 -15 -17 -13 -5 6 16 23 26 23 17 10 1 -7 -12 -13 -9 -1 8 17
-19 -22 -22 -17 -7 5 16 23 26 23 17 10 2 -4 -7 -5 1 10 20 27
-26 -27 -25 -18 -7 5 15 21 23 19 13 6 0 -3 -3 3 11 21 30 36
-28 -28 -23 -15 -4 7 15 19 18 14 7 0 -4 -5 -1 7 18 29 37 42
-26 -22 -16 -7 3 12 17 17 14 8 1 -5 -9 -7 -1 9 21 32 39 41
-19 -13 -6 4 13 19 21 19 12 5 -2 -9 -12 -9 -2 9 21 31 37 37
-10 -3 6 15 23 27 26 21 13 4 -3 -9 -11 -9 -2 8 19 27 31 29
-1 7 17 25 32 35 33 26 17 8 1 -6 -9 -7 -1 7 16 22 24 21
