20
0 6 10 10 6 0 -6 -10 -10 -6 0 6 10 10 6 0 -6 -10 -10 -6
-8 -2 2 2 -2 -8 -13 -17 -18 -14 -9 -1 3 2 -1 -7 -13 -17 -17 -14
-17 -10 -7 -7 -11 -17 -22 -27 -27 -23 -17 -10 -6 -6 -9 -15 -20 -24 -25 -22
-26 -19 -16 -16 -20 -26 -32 -36 -36 -32 -26 -19 -15 -15 -16 -20 -25 -30 -33 -30
-33 -26 -23 -23 -27 -33 -39 -42 -43 -39 -33 -26 -21 -18 -18 -22 -26 -31 -34 -35
-35 -29 -25 -26 -30 -35 -41 -45 -45 -42 -35 -28 -22 -18 -16 -18 -22 -27 -32 -35
-33 -26 -23 -23 -27 -33 -39 -42 -43 -39 -33 -26 -18 -12 -9 -9 -12 -18 -25 -30
-26 -19 -16 -16 -20 -26 -32 -36 -36 -32 -26 -18 -10 -3 3 4 1 -6 -14 -21
-17 -10 -7 -7 -11 -17 -23 -26 -27 -23 -17 -9 0 8 15 17 14 7 -2 -10
-8 -1 2 2 -2 -8 -13 -17 -18 -14 -8 0 9 18 25 27 25 18 9 0
0 6 10 10 6 0 -6 -10 -10 -6 0 8 17 26 33 35 33 26 17 8
6 13 17 16 13 7 2 -2 -2 1 8 15 24 33 39 42 39 32 23 14
10 17 21 22 20 15 11 8 8 11 17 23 31 38 43 45 41 34 24 17
10 16 22 25 25 24 21 19 19 22 26 31 36 41 43 42 37 30 22 15
6 13 20 25 29 31 31 30 30 31 33 35 37 38 36 32 26 20 13 9
0 7 15 24 31 35 38 38 37 36 35 35 33 30 24 18 11 6 2 0
-6 2 11 21 31 38 41 41 39 36 33 30 24 17 9 1 -6 -9 -10 -8
-10 -2 8 19 30 38 41 40 36 31 26 20 13 3 -8 -16 -20 -21 -19 -14
-10 -2 8 19 30 37 39 36 30 23 17 10 0 -11 -21 -28 -31 -29 -23 -16
-6 1 11 22 31 36 36 31 23 15 8 0 -10 -20 -29 -34 -34 -30 -22 -14
