20
5 0 -5 -5 0 5 11 15 15 11 5 -3 -12 -21 -28 -30 -28 -21 -12 -3
11 5 1 -1 1 4 8 9 8 4 -3 -10 -19 -28 -35 -37 -34 -27 -18 -9
15 8 3 1 1 2 3 2 0 -5 -12 -19 -27 -35 -41 -42 -38 -30 -20 -12
15 8 4 -1 -2 -3 -4 -5 -9 -14 -21 -28 -35 -41 -44 -42 -36 -27 -18 -10
11 4 -1 -5 -7 -8 -10 -12 -15 -21 -28 -35 -41 -44 -43 -38 -30 -20 -11 -4
5 -2 -7 -10 -12 -13 -13 -15 -18 -24 -30 -37 -42 -42 -38 -30 -20 -9 0 4
-1 -8 -12 -15 -15 -14 -13 -14 -16 -21 -28 -34 -38 -36 -30 -20 -8 3 10 13
-5 -11 -16 -17 -16 -13 -9 -9 -10 -14 -21 -27 -30 -27 -20 -9 3 13 18 19
-5 -12 -15 -16 -13 -8 -4 -1 -1 -5 -12 -18 -20 -18 -11 0 10 18 22 20
-1 -8 -12 -11 -8 -2 4 7 8 4 -3 -9 -12 -10 -4 4 13 19 20 18
5 -1 -5 -5 -1 5 11 15 15 11 5 -1 -5 -5 -1 5 11 15 15 11
13 6 2 3 6 12 17 21 21 18 11 5 1 0 2 5 9 10 9 5
22 15 11 10 12 16 22 24 24 21 15 9 5 4 5 7 9 9 7 2
31 24 19 16 15 17 19 21 21 19 15 10 8 8 9 11 12 11 8 2
38 31 24 19 15 13 13 14 14 13 11 9 9 11 14 16 17 16 12 6
40 33 25 17 10 5 3 3 4 5 5 6 8 13 18 23 24 23 18 12
38 30 21 11 1 -6 -9 -9 -7 -4 -1 2 8 16 23 29 31 30 25 18
31 23 13 2 -9 -16 -20 -19 -15 -10 -5 1 9 19 28 35 37 35 29 22
22 14 4 -8 -18 -25 -27 -24 -19 -12 -5 2 11 22 32 38 40 37 30 22
13 5 -5 -15 -24 -30 -29 -25 -17 -9 -1 6 16 26 35 40 40 35 27 19
