20
0 -8 -17 -26 -33 -35 -33 -26 -17 -8 0 8 17 26 33 35 33 26 17 8
-8 -15 -23 -31 -35 -35 -30 -20 -10 0 8 15 23 31 36 36 31 22 11 1
-17 -24 -31 -36 -37 -33 -24 -13 0 10 17 23 30 36 39 37 30 19 8 -2
-26 -33 -38 -41 -38 -30 -17 -3 11 20 26 31 36 40 41 38 30 19 8 -2
-33 -39 -43 -43 -36 -24 -9 8 21 29 33 36 39 41 41 38 31 21 11 2
-35 -42 -45 -42 -32 -18 -1 16 28 34 35 36 37 38 38 35 31 24 15 7
-33 -39 -41 -37 -26 -11 6 20 31 34 33 31 30 30 31 31 29 25 20 13
-26 -32 -34 -30 -20 -6 9 21 29 30 26 22 19 19 21 24 25 25 22 16
-17 -23 -25 -22 -13 -2 10 19 23 22 17 11 8 8 11 15 20 22 21 17
-8 -14 -17 -15 -9 0 8 14 16 14 8 1 -2 -2 2 7 13 16 17 13
0 -6 -10 -10 -6 0 6 10 10 6 0 -6 -10 -10 -6 0 6 10 10 6
6 0 -4 -5 -3 0 4 5 4 0 -6 -13 -17 -16 -13 -7 -2 2 2 -1
10 4 0 -1 0 2 4 4 2 -3 -10 -17 -21 -22 -20 -15 -12 -8 -8 -11
10 5 3 3 4 6 7 6 3 -3 -10 -16 -22 -25 -25 -24 -21 -19 -19 -22
6 4 4 6 9 11 12 11 7 1 -6 -13 -20 -25 -29 -31 -31 -30 -30 -32
0 1 3 8 13 18 19 18 13 7 0 -7 -15 -24 -31 -35 -38 -38 -37 -36
-6 -3 3 11 18 24 26 25 20 13 6 -2 -11 -21 -31 -38 -41 -41 -39 -36
-10 -4 4 14 23 30 32 30 24 17 10 2 -8 -19 -30 -38 -41 -40 -36 -31
-10 -3 6 17 27 33 35 32 25 17 10 2 -8 -19 -30 -37 -40 -36 -30 -23
-6 1 11 21 30 35 35 30 22 14 6 -1 -11 -22 -31 -36 -36 -31 -23 -15
