20
0 8 17 26 33 35 33 26 17 8 0 -6 -10 -10 -6 0 6 10 10 6
-8 0 10 21 30 35 35 30 22 14 6 0 -4 -3 1 7 13 17 17 14
-17 -9 2 14 25 32 34 32 25 17 10 4 0 0 5 11 18 23 25 22
-26 -18 -7 6 18 27 31 30 24 17 10 3 0 0 5 12 20 27 31 30
-33 -25 -14 -1 12 22 26 25 20 13 6 -1 -5 -5 0 8 18 27 33 35
-35 -27 -17 -4 9 18 22 20 15 7 0 -7 -11 -12 -8 0 11 22 30 35
-33 -25 -15 -3 9 16 18 16 9 1 -6 -13 -18 -20 -18 -11 0 12 22 29
-26 -18 -8 3 12 18 18 14 6 -2 -10 -17 -23 -27 -27 -22 -12 0 12 20
-17 -9 0 10 18 22 21 15 6 -3 -10 -17 -25 -31 -33 -30 -22 -12 0 10
-8 0 9 18 26 28 26 19 10 1 -6 -14 -22 -30 -35 -35 -29 -20 -10 0
0 8 17 26 33 35 33 26 17 8 0 -8 -17 -26 -33 -35 -33 -26 -17 -8
6 14 23 32 39 42 39 32 23 14 6 -1 -11 -21 -30 -36 -36 -31 -23 -15
10 18 26 35 41 43 41 34 25 18 10 3 -7 -18 -29 -37 -39 -37 -31 -24
10 17 25 33 38 39 36 30 22 15 10 4 -5 -16 -28 -38 -43 -43 -39 -33
6 13 20 27 30 30 26 20 14 9 6 2 -5 -15 -27 -38 -45 -46 -45 -40
0 7 13 18 19 18 13 8 3 1 0 -1 -5 -14 -25 -35 -43 -47 -47 -42
-6 1 6 9 9 5 1 -4 -7 -8 -6 -4 -6 -12 -21 -31 -39 -43 -43 -39
-10 -3 1 3 1 -4 -9 -14 -15 -14 -10 -6 -5 -8 -15 -24 -31 -36 -36 -32
-10 -4 0 1 -3 -8 -14 -18 -19 -16 -10 -4 -2 -3 -9 -15 -22 -26 -27 -23
-6 0 4 3 0 -6 -12 -16 -16 -13 -6 0 3 3 -1 -7 -13 -17 -18 -14
