20
0 -6 -10 -10 -6 0 6 10 10 6 0 -8 -17 -26 -33 -35 -33 -26 -18 -8
-6 -13 -16 -16 -12 -7 -1 2 3 -1 -8 -15 -24 -33 -40 -42 -39 -32 -23 -14
-10 -16 -19 -19 -16 -11 -7 -5 -6 -10 -18 -24 -32 -40 -46 -47 -43 -35 -25 -17
-10 -14 -16 -16 -15 -12 -10 -11 -14 -19 -26 -33 -40 -46 -49 -47 -41 -32 -23 -15
-6 -8 -9 -9 -8 -9 -10 -14 -19 -26 -33 -40 -46 -49 -48 -43 -35 -25 -16 -9
0 0 1 2 2 0 -5 -12 -20 -28 -35 -42 -47 -47 -43 -35 -25 -14 -5 -1
6 9 12 14 14 11 4 -6 -16 -25 -33 -39 -43 -41 -35 -25 -13 -2 5 8
10 15 20 24 25 22 14 3 -8 -18 -26 -32 -35 -32 -25 -14 -2 8 13 14
10 17 23 29 32 30 23 13 1 -9 -17 -23 -25 -23 -16 -5 5 13 17 15
6 14 21 30 34 35 29 20 10 0 -8 -14 -17 -15 -10 -1 8 14 15 13
0 8 17 26 33 35 33 26 17 8 0 -6 -10 -10 -6 0 6 10 10 6
-6 1 11 22 31 36 36 31 23 15 8 1 -3 -4 -3 0 3 4 3 -1
-10 -2 8 19 30 37 39 36 30 23 17 11 6 3 0 0 -1 -3 -6 -11
-10 -2 8 19 30 38 41 40 36 31 26 21 16 11 5 0 -5 -11 -16 -21
-6 2 11 21 30 38 41 41 39 36 32 30 25 18 10 0 -10 -19 -25 -30
0 7 15 24 31 35 38 38 37 36 35 35 31 24 13 0 -13 -24 -31 -35
6 13 20 25 29 31 31 30 29 31 33 35 33 26 14 0 -14 -26 -33 -35
10 16 22 25 25 23 21 19 19 22 26 30 30 24 13 0 -13 -24 -30 -30
10 17 21 22 20 15 11 8 8 11 17 22 24 20 11 0 -11 -20 -24 -22
6 13 17 16 13 7 2 -2 -2 1 8 13 17 15 8 0 -8 -15 -18 -14
