20
0 6 10 10 6 0 -6 -10 -10 -6 0 6 10 10 6 0 -6 -10 -10 -6
8 14 17 17 13 7 1 -3 -4 0 6 13 16 14 8 0 -8 -14 -16 -13
17 22 25 23 18 11 5 0 0 4 10 16 19 16 10 0 -10 -16 -19 -16
26 30 31 27 20 12 5 0 0 3 10 16 19 16 9 0 -9 -16 -19 -16
33 35 33 27 18 8 0 -5 -5 -1 6 12 15 14 8 0 -8 -14 -15 -12
35 35 30 22 11 0 -8 -12 -11 -7 0 6 10 10 6 0 -6 -10 -10 -6
33 29 22 12 0 -11 -18 -20 -18 -13 -6 1 5 6 4 0 -4 -6 -5 -1
26 20 12 0 -12 -22 -27 -27 -23 -17 -10 -3 1 3 2 0 -2 -3 -1 3
17 10 0 -12 -22 -30 -33 -31 -25 -17 -10 -3 1 3 2 0 -2 -3 -1 3
8 0 -10 -20 -29 -35 -35 -30 -22 -14 -6 0 4 5 3 0 -3 -5 -4 0
0 -8 -17 -26 -33 -35 -33 -26 -17 -8 0 6 10 10 6 0 -6 -10 -10 -6
-6 -14 -22 -30 -35 -35 -30 -21 -11 -1 6 13 16 14 8 0 -8 -14 -16 -13
-10 -17 -24 -30 -33 -31 -25 -16 -6 3 10 16 18 15 9 0 -9 -15 -18 -16
-10 -15 -20 -24 -26 -24 -19 -11 -3 4 10 14 15 13 7 0 -7 -13 -15 -14
-6 -8 -11 -13 -14 -13 -10 -5 -1 3 6 8 9 7 4 0 -4 -7 -9 -8
0 0 0 0 0 0 0 0 0 0 0 0 0 0 0 0 0 0 0 0
6 8 11 13 14 13 10 5 1 -3 -6 -8 -9 -7 -4 0 4 7 9 8
10 15 20 24 26 24 19 11 3 -4 -10 -14 -15 -13 -7 0 7 13 15 14
10 17 24 30 33 31 25 16 6 -3 -10 -16 -18 -15 -9 0 9 15 18 16
6 14 22 30 35 35 30 21 11 1 -6 -13 -16 -14 -8 0 8 14 16 13
