20
0 -6 -10 -10 -6 0 6 10 10 6 0 -8 -17 -26 -33 -35 -33 -26 -17 -8
-6 -13 -16 -14 -8 0 8 14 16 13 6 -1 -11 -21 -30 -35 -35 -31 -23 -15
-10 -16 -18 -15 -9 0 9 15 18 16 10 3 -6 -17 -27 -35 -37 -35 -30 -23
-10 -14 -15 -13 -7 0 7 13 15 14 10 4 -4 -14 -24 -32 -37 -37 -35 -31
-6 -8 -9 -7 -4 0 4 7 9 8 6 3 -2 -10 -18 -26 -32 -36 -37 -35
0 0 0 0 0 0 0 0 0 0 0 0 -2 -6 -11 -18 -24 -30 -33 -35
6 8 9 7 4 0 -4 -7 -9 -8 -6 -3 -1 -1 -2 -6 -12 -19 -25 -30
10 14 15 13 7 0 -7 -13 -15 -14 -10 -5 1 5 7 6 1 -6 -14 -21
10 16 18 15 9 0 -9 -15 -18 -16 -10 -3 4 12 17 18 14 7 -2 -10
6 13 16 14 8 0 -8 -14 -16 -13 -6 1 10 19 25 28 25 18 9 0
0 6 10 10 6 0 -6 -10 -10 -6 0 8 17 26 33 35 33 26 17 8
-6 0 4 5 3 0 -3 -5 -4 0 6 14 23 32 39 42 39 32 23 14
-10 -4 0 2 1 1 -1 -2 0 4 10 17 25 34 41 43 41 35 26 18
-10 -5 -2 0 0 0 0 0 2 5 10 15 22 30 36 39 38 33 25 17
-6 -3 -1 0 0 0 0 0 1 3 6 9 14 20 26 30 30 27 20 13
0 0 0 0 0 0 0 0 0 0 0 1 3 8 13 18 19 18 13 7
6 3 1 0 0 0 0 0 -1 -3 -6 -8 -7 -4 1 5 9 9 6 1
10 5 2 0 0 0 0 0 -2 -5 -10 -14 -15 -14 -9 -4 1 3 1 -3
10 4 0 -2 -1 0 1 2 0 -4 -10 -16 -19 -18 -14 -8 -3 1 0 -4
6 0 -4 -5 -3 0 3 5 4 0 -6 -13 -16 -16 -12 -6 0 3 4 0
