20
5 11 16 15 11 5 -1 -5 -5 -1 5 13 22 31 38 40 38 31 22 13
-1 5 8 8 4 -2 -8 -11 -12 -8 -1 6 15 24 31 34 31 24 15 6
-5 1 3 3 -1 -7 -12 -16 -15 -12 -5 2 11 20 26 28 25 19 10 2
-5 -1 1 -1 -5 -10 -15 -17 -16 -11 -5 3 11 19 24 25 22 15 8 1
-1 1 1 -2 -7 -12 -15 -16 -13 -8 -1 6 14 20 23 23 20 14 7 2
5 4 2 -3 -8 -13 -14 -13 -8 -2 5 12 18 23 24 23 18 13 8 6
11 8 3 -4 -10 -13 -13 -10 -4 4 11 18 23 26 25 22 17 12 9 9
15 10 2 -5 -12 -15 -13 -9 -1 7 15 21 26 27 25 20 15 11 9 11
15 8 0 -9 -15 -18 -16 -10 -1 8 15 22 25 26 22 17 11 7 7 9
11 4 -4 -14 -21 -24 -21 -14 -5 4 11 18 22 21 18 12 6 2 2 5
5 -3 -12 -21 -28 -30 -28 -21 -12 -3 5 11 15 15 11 5 -1 -5 -5 -1
-3 -10 -19 -28 -35 -37 -34 -27 -18 -9 -1 6 8 8 4 -1 -7 -11 -11 -8
-12 -19 -27 -35 -41 -42 -38 -30 -20 -12 -5 1 4 4 0 -5 -10 -14 -14 -11
-21 -28 -35 -41 -44 -42 -36 -27 -18 -10 -5 0 2 2 -1 -5 -9 -10 -11 -9
-28 -35 -41 -44 -43 -38 -30 -20 -11 -4 -1 2 3 3 1 -1 -3 -4 -5 -3
-30 -37 -42 -42 -38 -30 -20 -9 0 4 5 5 5 5 5 5 5 5 5 5
-28 -34 -38 -36 -30 -20 -8 3 10 13 11 8 7 7 9 11 13 14 15 13
-21 -27 -30 -27 -20 -9 3 13 19 19 15 10 8 8 11 15 19 21 22 19
-12 -18 -20 -18 -11 0 10 18 22 20 15 9 6 6 10 15 20 24 24 21
-3 -9 -12 -10 -4 4 13 19 20 18 11 5 2 2 6 11 17 21 21 18
