20
0 -6 -10 -10 -6 0 6 10 10 6 0 -6 -10 -10 -6 0 6 10 10 6
-8 -14 -17 -15 -9 0 8 14 16 14 8 1 -3 -4 -2 1 4 6 4 0
-17 -23 -25 -22 -13 -2 10 19 23 22 17 11 7 5 5 5 6 5 2 -3
-26 -32 -34 -30 -20 -6 9 21 29 30 26 21 18 16 15 14 12 8 3 -3
-33 -39 -41 -37 -26 -11 6 20 31 34 33 30 29 28 27 25 21 15 9 1
-35 -42 -45 -42 -32 -18 -1 16 28 34 35 36 37 38 38 35 31 24 15 7
-33 -39 -43 -43 -36 -24 -9 8 21 29 33 36 39 43 45 43 39 31 22 13
-26 -33 -38 -41 -38 -30 -17 -3 11 20 26 31 37 43 47 47 43 36 26 17
-17 -24 -31 -36 -37 -33 -24 -13 0 10 17 23 31 39 45 47 43 36 27 18
-8 -15 -23 -31 -35 -35 -30 -20 -10 0 8 15 24 33 40 42 39 32 23 14
0 -8 -17 -26 -33 -35 -33 -26 -17 -8 0 8 17 26 33 35 33 26 17 8
8 0 -10 -20 -29 -35 -35 -30 -23 -15 -8 0 9 18 25 27 25 18 9 0
17 10 0 -12 -23 -31 -35 -34 -29 -23 -17 -10 -2 7 14 17 15 8 0 -9
26 20 12 0 -13 -24 -32 -35 -34 -30 -26 -21 -14 -6 1 4 3 -3 -10 -18
33 29 23 13 0 -13 -24 -32 -35 -35 -33 -30 -25 -18 -12 -9 -9 -12 -18 -26
35 35 31 24 13 0 -13 -24 -31 -35 -35 -35 -32 -27 -22 -18 -16 -18 -22 -28
33 35 35 32 24 13 0 -13 -23 -29 -33 -35 -34 -31 -26 -22 -18 -18 -21 -26
26 30 34 35 32 24 13 0 -12 -20 -26 -30 -32 -30 -25 -20 -16 -14 -15 -19
17 23 29 34 35 31 23 12 0 -10 -17 -22 -25 -24 -20 -15 -9 -6 -6 -10
8 15 23 30 35 35 29 20 10 0 -8 -14 -17 -17 -13 -7 -1 1 3 -1
