20
0 -8 -17 -26 -33 -35 -33 -26 -17 -8 0 6 10 10 6 0 -6 -10 -10 -6
6 -1 -10 -19 -26 -28 -26 -19 -10 -1 6 13 16 14 8 0 -8 -14 -16 -13
10 3 -5 -13 -19 -21 -19 -13 -5 3 10 16 17 14 7 -2 -11 -17 -19 -16
10 5 -2 -8 -12 -14 -12 -8 -2 5 10 14 14 10 3 -6 -14 -19 -20 -16
6 3 0 -4 -6 -7 -6 -4 0 3 6 8 7 2 -4 -11 -17 -19 -17 -13
0 0 0 0 0 0 0 0 0 0 0 -1 -3 -8 -13 -18 -19 -18 -13 -7
-6 -3 0 4 6 7 6 4 0 -3 -6 -9 -13 -18 -23 -24 -22 -17 -9 -1
-10 -5 2 8 12 14 12 8 2 -5 -10 -15 -21 -27 -30 -30 -25 -17 -7 2
-10 -3 5 13 19 21 19 13 5 -3 -10 -17 -24 -31 -34 -33 -28 -18 -7 2
-6 1 10 19 26 28 26 19 10 1 -6 -14 -22 -30 -35 -35 -30 -21 -11 -1
0 8 17 26 33 35 33 26 17 8 0 -8 -17 -26 -33 -35 -33 -26 -17 -8
6 14 23 32 39 42 39 33 24 15 8 0 -10 -20 -29 -35 -35 -30 -22 -14
10 17 25 34 41 45 43 38 31 23 17 10 0 -12 -22 -30 -33 -31 -25 -17
10 15 22 30 37 42 43 41 36 31 26 20 12 0 -12 -22 -27 -27 -23 -17
6 9 13 20 26 32 36 38 37 35 33 29 22 12 0 -11 -18 -20 -18 -13
0 0 2 6 11 18 24 30 33 35 35 35 30 22 11 0 -8 -12 -11 -7
-6 -8 -10 -9 -6 1 9 17 24 30 33 35 33 27 18 8 0 -5 -5 -1
-10 -14 -19 -21 -20 -16 -8 3 13 20 26 30 31 27 20 12 5 0 0 3
-10 -16 -23 -29 -31 -28 -21 -11 0 10 17 22 25 23 18 11 5 0 0 4
-6 -14 -22 -30 -34 -34 -29 -20 -10 0 8 14 17 17 13 7 1 -3 -4 0
