20
2 -6 -15 -24 -31 -33 -31 -24 -15 -6 2 11 19 28 35 37 35 28 19 10
-6 -13 -22 -31 -38 -41 -38 -31 -22 -13 -6 2 12 23 32 37 37 33 25 17
-15 -22 -31 -40 -47 -48 -47 -40 -31 -22 -15 -7 4 16 27 35 39 37 32 25
-24 -31 -40 -48 -48 -48 -48 -48 -40 -31 -24 -16 -5 8 21 32 38 39 37 33
-31 -38 -47 -48 -48 -48 -48 -48 -47 -38 -31 -23 -12 1 14 26 34 39 39 37
-33 -41 -48 -48 -48 -48 -48 -48 -48 -41 -33 -26 -16 -4 8 20 28 34 37 38
-31 -38 -47 -48 -48 -48 -48 -48 -47 -38 -31 -23 -15 -5 5 13 20 26 29 32
-24 -31 -40 -48 -48 -48 -48 -48 -40 -31 -24 -17 -10 -3 3 9 12 17 19 23
-15 -22 -31 -40 -47 -48 -47 -40 -31 -22 -15 -8 -2 1 3 5 4 6 8 13
-6 -13 -22 -31 -38 -41 -38 -31 -22 -13 -6 1 5 7 5 2 -1 -2 -1 3
2 -6 -15 -24 -31 -33 -30 -24 -15 -6 2 8 12 12 8 2 -4 -8 -8 -4
10 2 -7 -16 -23 -25 -23 -16 -7 2 10 16 19 18 11 3 -6 -12 -14 -11
19 12 4 -5 -12 -15 -12 -6 2 11 19 25 27 24 16 5 -5 -13 -17 -14
28 23 16 8 1 -2 -1 5 12 20 28 34 36 32 22 10 -2 -12 -16 -14
35 32 27 20 14 11 11 14 20 28 35 41 43 38 28 15 3 -7 -12 -10
37 37 34 29 24 20 18 20 24 30 37 44 45 41 32 20 7 -2 -6 -4
35 37 36 33 28 24 20 20 23 28 35 41 43 40 32 21 11 3 -1 2
28 32 34 32 27 22 18 16 17 21 28 34 37 35 30 20 11 5 3 5
19 24 27 26 22 17 11 8 8 12 19 25 28 27 22 15 8 3 2 6
10 16 19 19 15 9 3 0 -1 3 10 16 20 19 15 9 3 -1 -2 2
