20
0 -8 -17 -26 -33 -35 -33 -26 -17 -8 0 8 17 26 33 35 33 26 17 8
8 0 -9 -18 -25 -28 -25 -18 -9 0 8 15 24 33 40 43 40 33 24 15
17 9 0 -9 -16 -19 -16 -9 0 9 17 24 33 41 48 50 47 40 32 23
26 18 9 0 -7 -10 -7 0 9 18 26 33 41 49 50 50 50 46 38 31
33 25 16 7 0 -3 0 7 16 25 33 40 47 50 50 50 50 47 41 36
35 28 19 10 3 0 3 10 19 28 35 42 49 50 50 50 49 43 39 36
33 25 16 7 0 -3 0 7 16 25 33 40 45 48 47 44 39 34 31 31
26 18 9 0 -7 -10 -7 0 9 18 26 32 37 38 36 32 26 22 20 22
17 9 0 -9 -16 -19 -16 -9 0 9 17 23 27 27 24 19 13 9 8 11
8 0 -9 -18 -25 -28 -25 -18 -9 0 8 14 18 17 14 8 2 -2 -2 1
0 -8 -17 -26 -33 -35 -33 -26 -17 -8 0 6 10 10 6 0 -6 -10 -10 -6
-8 -15 -24 -33 -40 -42 -40 -32 -23 -14 -6 0 4 3 -1 -7 -13 -17 -17 -14
-17 -24 -33 -41 -47 -49 -45 -37 -27 -18 -10 -4 0 0 -5 -11 -18 -23 -25 -22
-26 -33 -41 -49 -50 -50 -48 -38 -27 -17 -10 -3 0 0 -5 -12 -20 -27 -31 -30
-33 -40 -48 -50 -50 -50 -47 -36 -24 -14 -6 1 5 5 0 -8 -18 -27 -33 -35
-35 -43 -50 -50 -50 -50 -44 -32 -19 -8 0 7 11 12 8 0 -11 -22 -30 -35
-33 -40 -47 -50 -50 -49 -39 -26 -13 -2 6 13 18 20 18 11 0 -12 -22 -29
-26 -33 -40 -46 -47 -43 -34 -22 -9 2 10 17 23 27 27 22 12 0 -12 -20
-17 -24 -32 -38 -41 -39 -31 -20 -8 2 10 17 25 31 33 30 22 12 0 -10
-8 -15 -23 -31 -36 -36 -31 -22 -11 -1 6 14 22 30 35 35 29 20 10 0
