20
0 -8 -17 -26 -33 -35 -33 -26 -17 -8 0 6 10 10 6 0 -5 -10 -10 -6
-8 -15 -23 -31 -36 -36 -31 -22 -11 -1 6 14 17 16 13 7 1 -3 -3 0
-17 -23 -30 -36 -39 -37 -30 -19 -8 2 10 17 21 21 17 12 6 2 2 4
-26 -31 -36 -40 -41 -38 -30 -19 -8 2 10 16 21 22 20 15 10 6 4 6
-33 -36 -39 -41 -41 -38 -31 -21 -11 -1 6 13 18 21 20 17 12 7 4 4
-35 -36 -37 -38 -38 -35 -31 -24 -15 -7 0 7 13 18 19 18 13 8 3 1
-33 -31 -30 -30 -31 -31 -29 -25 -20 -13 -6 1 9 15 18 18 15 9 2 -3
-26 -22 -19 -19 -21 -24 -25 -25 -22 -16 -10 -2 6 14 19 20 17 10 3 -4
-17 -11 -8 -8 -11 -15 -20 -22 -21 -17 -10 -3 6 15 21 23 20 14 5 -3
-8 -1 2 2 -2 -7 -13 -16 -17 -13 -6 1 10 19 26 29 26 19 11 1
0 7 10 10 6 0 -5 -10 -10 -6 0 8 17 26 33 35 33 26 17 8
8 14 17 17 13 7 1 -3 -4 0 6 14 23 32 39 42 39 32 23 14
17 22 25 23 18 11 5 1 0 4 10 18 26 35 41 43 41 34 25 17
26 30 31 27 20 12 5 0 1 3 11 17 25 33 38 39 36 30 22 15
33 35 33 27 18 8 0 -5 -5 -1 6 13 20 27 30 30 26 20 14 9
35 35 30 22 11 0 -8 -12 -11 -7 0 7 13 18 19 18 13 8 3 1
33 29 22 13 0 -11 -18 -20 -17 -13 -6 1 6 9 9 5 1 -4 -7 -8
26 20 12 0 -12 -22 -27 -27 -23 -17 -10 -3 1 3 1 -4 -9 -14 -15 -14
17 10 0 -12 -22 -30 -33 -31 -25 -17 -10 -4 0 1 -3 -8 -14 -18 -19 -16
8 0 -10 -20 -29 -35 -35 -30 -22 -14 -6 0 4 3 0 -6 -12 -16 -16 -13
