20
0 -6 -10 -10 -6 0 6 10 10 6 0 -6 -10 -10 -6 0 6 10 10 6
6 0 -4 -3 1 7 13 17 17 14 8 1 -3 -4 -3 1 4 5 4 0
10 4 0 0 5 11 18 23 25 22 17 11 6 4 3 3 4 3 0 -4
10 3 0 0 5 12 20 27 31 30 26 21 17 14 11 8 6 3 -1 -5
6 -1 -5 -5 0 8 18 27 33 35 33 30 27 23 18 13 9 4 0 -3
0 -7 -11 -12 -8 0 11 22 30 35 35 35 33 30 24 18 11 6 2 0
-6 -13 -18 -20 -18 -11 0 12 22 29 33 35 35 32 26 19 12 7 4 4
-10 -17 -23 -27 -27 -22 -12 0 12 20 26 30 32 30 25 18 11 6 4 5
-10 -17 -25 -31 -33 -30 -22 -12 0 10 17 22 25 24 20 13 7 3 2 4
-6 -14 -22 -30 -35 -35 -29 -20 -10 0 8 14 17 17 13 7 1 -3 -3 0
0 -8 -17 -26 -33 -35 -33 -26 -17 -8 0 6 10 10 6 0 -6 -10 -10 -6
6 -1 -11 -21 -30 -35 -35 -30 -22 -14 -6 0 4 3 -1 -6 -12 -16 -17 -13
10 3 -6 -17 -27 -33 -35 -32 -25 -17 -10 -4 0 0 -4 -10 -16 -20 -20 -17
10 4 -4 -14 -23 -30 -32 -30 -24 -17 -10 -3 0 0 -4 -10 -16 -19 -20 -16
6 3 -3 -11 -18 -24 -26 -25 -20 -13 -6 1 4 4 0 -6 -12 -16 -16 -12
0 -1 -3 -8 -13 -18 -19 -18 -13 -7 0 6 10 10 6 0 -6 -10 -10 -6
-6 -4 -4 -6 -9 -11 -12 -11 -7 -1 6 12 16 16 12 6 0 -4 -4 -1
-10 -5 -3 -3 -4 -6 -7 -6 -3 3 10 16 20 19 16 10 4 0 0 3
-10 -4 0 1 0 -2 -4 -4 -2 3 10 17 20 20 16 10 4 0 0 4
-6 0 4 5 3 0 -4 -5 -4 0 6 13 17 16 12 6 1 -3 -4 0
