20
-5 -11 -15 -15 -11 -5 1 5 5 1 -5 -13 -22 -31 -38 -40 -38 -31 -22 -13
3 -4 -7 -7 -4 2 8 11 11 8 1 -6 -16 -26 -35 -40 -40 -36 -28 -20
12 6 2 2 4 8 12 15 14 11 5 -2 -11 -22 -32 -40 -42 -40 -35 -28
21 16 13 12 12 13 14 14 12 8 5 -1 -9 -19 -29 -37 -42 -42 -40 -36
28 25 23 20 17 14 12 9 6 3 1 -2 -7 -15 -23 -31 -37 -41 -42 -40
30 30 28 25 18 13 6 1 -3 -5 -5 -5 -7 -11 -16 -23 -29 -35 -38 -40
28 30 29 25 18 8 -1 -8 -12 -13 -11 -8 -6 -6 -7 -11 -17 -24 -30 -35
21 25 26 22 13 3 -8 -15 -19 -19 -15 -10 -4 0 2 1 -4 -11 -19 -26
12 17 19 16 8 -2 -12 -19 -22 -21 -15 -8 -1 7 12 13 9 2 -7 -15
2 9 12 10 4 -4 -13 -19 -21 -18 -11 -4 5 14 20 23 20 13 4 -5
-5 1 5 5 1 -5 -11 -15 -15 -11 -5 3 12 21 28 30 28 21 12 3
-13 -6 -2 0 -2 -5 -8 -11 -8 -4 3 10 19 28 35 37 34 27 18 9
-22 -15 -10 -7 -5 -5 -5 -3 0 5 12 19 27 35 41 42 38 30 20 12
-31 -24 -18 -13 -9 -5 -1 3 8 14 21 28 34 41 44 42 36 27 18 10
-38 -31 -24 -17 -11 -5 1 7 14 21 28 35 41 44 43 38 30 20 11 4
-40 -33 -26 -19 -12 -5 2 9 16 23 30 37 42 42 38 30 20 9 0 -4
-38 -31 -24 -17 -11 -5 1 7 14 21 28 34 38 36 30 20 8 -3 -10 -13
-31 -24 -18 -13 -9 -5 -1 3 8 13 21 27 30 27 20 9 -3 -13 -18 -19
-22 -15 -10 -7 -5 -5 -5 -3 0 5 12 18 20 18 11 0 -10 -18 -22 -21
-13 -6 -2 0 -2 -5 -8 -10 -8 -4 3 9 12 10 4 -4 -13 -19 -20 -18
