20
5 13 22 31 38 40 38 31 22 13 5 -1 -5 -5 -1 5 11 15 15 11
13 20 28 35 40 40 34 25 15 5 -3 -9 -12 -12 -8 -3 3 7 7 4
22 28 34 39 40 36 28 17 5 -5 -12 -17 -20 -20 -17 -12 -6 -3 -3 -6
31 35 39 40 37 29 18 5 -7 -15 -21 -25 -28 -27 -25 -21 -17 -14 -14 -16
38 40 40 37 29 18 5 -8 -18 -24 -28 -30 -31 -31 -30 -28 -26 -24 -24 -25
40 40 36 29 18 5 -8 -19 -26 -30 -30 -30 -30 -30 -30 -30 -30 -30 -30 -30
38 34 28 18 5 -8 -19 -27 -30 -30 -28 -25 -24 -24 -26 -28 -30 -31 -31 -30
31 25 17 5 -8 -19 -27 -30 -29 -25 -21 -16 -14 -14 -17 -21 -25 -27 -28 -25
22 15 5 -7 -18 -26 -30 -29 -24 -18 -12 -6 -3 -3 -6 -12 -17 -20 -20 -17
13 5 -5 -15 -24 -30 -30 -25 -18 -10 -3 4 7 7 3 -3 -8 -12 -12 -9
5 -3 -12 -21 -28 -30 -28 -21 -12 -2 5 11 15 15 11 5 -1 -5 -5 -1
-3 -10 -18 -26 -31 -31 -26 -17 -6 4 11 18 22 21 18 12 7 3 3 6
-12 -18 -25 -31 -34 -32 -25 -14 -2 7 15 22 26 27 25 20 16 13 13 16
-21 -26 -31 -35 -36 -33 -25 -14 -3 7 15 21 27 30 30 29 27 24 24 27
-28 -31 -34 -36 -36 -33 -26 -16 -6 3 11 18 25 30 34 36 36 35 35 36
-30 -31 -32 -33 -33 -30 -26 -19 -10 -2 5 12 20 29 36 40 43 43 42 41
-28 -26 -25 -25 -26 -26 -24 -20 -15 -8 -1 7 16 26 36 43 46 46 44 41
-21 -17 -14 -14 -16 -19 -20 -20 -17 -11 -5 3 13 24 35 43 46 45 41 36
-12 -6 -3 -3 -6 -10 -15 -17 -16 -11 -5 3 13 24 35 42 44 41 35 28
-3 4 7 7 3 -2 -8 -11 -12 -8 -1 6 16 27 36 41 41 36 28 20
