20
5 -3 -12 -21 -28 -30 -28 -21 -12 -2 6 13 22 31 38 40 38 31 22 13
-3 -10 -19 -28 -35 -37 -34 -27 -18 -8 -1 6 16 27 36 41 41 36 28 20
-12 -18 -26 -34 -40 -42 -38 -30 -22 -13 -4 3 13 25 36 45 46 43 38 29
-21 -26 -32 -38 -42 -42 -38 -31 -21 -12 -5 3 14 27 39 49 52 51 45 38
-28 -31 -34 -38 -40 -38 -34 -26 -17 -8 -1 8 18 31 44 54 55 55 52 45
-29 -31 -32 -33 -33 -30 -26 -19 -9 -2 5 13 25 37 50 55 55 55 55 48
-27 -25 -24 -23 -22 -20 -16 -10 -4 4 11 19 29 41 53 55 55 56 53 45
-21 -16 -13 -10 -10 -9 -7 -3 2 8 15 22 32 44 53 55 55 54 46 39
-12 -6 -2 1 0 1 0 0 3 8 15 23 32 42 50 54 52 46 38 29
-3 4 8 9 7 4 1 -1 1 5 12 19 28 37 45 48 45 39 30 20
6 11 15 15 11 5 -1 -4 -5 -1 5 13 22 32 39 40 38 31 22 13
11 18 20 19 13 5 -4 -10 -12 -9 -3 5 14 23 30 32 30 23 15 5
15 20 22 18 10 0 -11 -17 -20 -18 -11 -4 6 13 20 22 19 12 3 -5
15 19 18 13 3 -9 -20 -26 -30 -27 -21 -13 -5 2 8 9 6 -1 -9 -16
11 13 10 3 -8 -20 -30 -36 -37 -33 -27 -21 -12 -7 -4 -4 -7 -12 -20 -25
6 4 0 -9 -20 -30 -38 -42 -42 -36 -30 -22 -17 -13 -11 -13 -17 -22 -27 -30
-1 -4 -11 -20 -29 -38 -43 -44 -41 -35 -28 -21 -16 -13 -13 -16 -21 -26 -29 -30
-5 -10 -18 -27 -36 -42 -44 -40 -35 -28 -21 -14 -10 -9 -11 -15 -20 -25 -27 -25
-5 -12 -20 -30 -38 -42 -41 -35 -27 -19 -12 -5 -1 -1 -4 -10 -15 -19 -20 -17
0 -9 -18 -26 -34 -36 -35 -28 -19 -10 -2 5 8 8 5 -2 -8 -12 -12 -9
