20
6 0 -4 -4 0 6 12 16 16 12 6 0 -4 -4 1 6 12 16 16 12
14 7 4 4 8 14 19 23 24 20 14 7 4 1 3 6 9 11 10 6
23 16 13 13 17 23 28 32 33 29 23 16 11 8 7 7 8 9 6 2
32 25 22 22 26 32 38 42 42 38 32 25 19 14 10 8 7 6 4 1
39 32 29 29 33 39 45 48 49 45 39 32 24 18 12 8 6 5 4 3
41 35 31 32 36 41 47 51 51 48 41 34 26 18 11 6 4 4 5 6
39 32 29 29 33 39 45 48 49 45 39 31 23 14 6 1 0 2 5 9
32 25 22 22 27 32 38 42 42 38 32 24 15 6 -2 -6 -6 -2 4 11
24 16 13 13 17 23 28 32 33 29 23 15 6 -3 -11 -14 -12 -7 1 9
14 7 4 4 8 14 19 23 24 20 14 6 -3 -12 -19 -22 -20 -13 -4 5
6 0 -4 -4 0 6 12 16 16 12 6 -2 -11 -20 -27 -29 -27 -20 -10 -2
0 -7 -11 -10 -7 -1 5 8 9 5 -2 -9 -18 -27 -34 -37 -34 -27 -18 -9
-4 -11 -13 -15 -12 -7 -3 0 0 -4 -11 -18 -27 -36 -43 -44 -43 -36 -27 -18
-4 -10 -15 -16 -15 -12 -9 -8 -9 -12 -20 -27 -36 -44 -44 -44 -44 -44 -36 -27
0 -7 -11 -14 -14 -13 -12 -13 -15 -20 -27 -34 -43 -44 -44 -44 -44 -44 -43 -34
6 -1 -6 -9 -11 -12 -12 -14 -17 -23 -29 -37 -44 -44 -44 -44 -44 -44 -44 -37
12 5 0 -4 -6 -7 -9 -11 -14 -20 -27 -34 -43 -44 -44 -44 -44 -44 -43 -34
16 9 4 0 -1 -2 -3 -4 -8 -13 -19 -27 -36 -44 -44 -44 -44 -44 -36 -27
16 9 4 2 2 3 4 4 1 -4 -11 -18 -27 -36 -43 -44 -43 -36 -27 -18
12 6 2 0 2 5 9 10 9 5 -2 -9 -18 -27 -34 -37 -34 -27 -18 -9
